Sno,Customer_ID,Product_ID,Return_Type,Amount,Difference_days,Rating
0,9236104,X-6027,1,279,2,2
1,9236148,X-2269,0,331,2,4
2,9236118,XDD-7032,0,404,4,1.9
3,9236156,X-6055,0,322,4,3.5
4,9236118,XDD-1028,0,299,3,2.3
5,9236108,XDD-7092,0,389,2,3.5
6,9236134,HMTS-B9036,0,1276,3,1.9
7,9236082,C031,1,0,0,2.7
8,9236119,X1165KL01,0,302,6,2.9
9,9236189,X-2265,0,589,2,2.8
10,9236074,X1158MS-Black,0,371,4,2.5
11,9236094,X-2285,0,371,3,4.2
12,9236030,XDD-7040,0,289,6,4.7
13,9236055,X-6055,0,549,3,3.5
14,9236074,XDD-8005,0,239,2,2.6
15,9236026,XDD-7043,1,569,2,1.7
16,9236184,HM-GG9013,1,0,0,2.8
17,9236052,XDD-7032,0,279,4,1.9
18,9236076,XDD-7051,1,300,3,2.2
19,9236075,X-2287,0,279,6,2.1
20,9236074,X-2283,0,389,6,3.9
21,9236003,X-6019,0,719,2,3.8
22,9236198,C029,0,239,4,1.9
23,9236181,C029,1,260,3,1.9
24,9236188,X-6001,1,319,3,2.8
25,9236078,X1182MS-Black,0,609,3,4.6
26,9236118,X-2283,1,331,4,3.9
27,9236029,X-2277,0,329,3,2
28,9236182,X-2283,0,289,2,3.9
29,9236170,X-6015,0,394,4,3.2
30,9236113,HMTG-TT9018,1,0,0,4.3
31,9236083,HMTG-TT9009,0,260,3,3.3
32,9236194,X-2231,0,286,6,2
33,9236139,X-6001,0,239,2,2.8
34,9236076,X-2257,1,300,3,2.8
35,9236085,XDD-1028,1,300,1,2.3
36,9236188,XDD-7031,0,374,3,2.1
37,9236019,X-1121,0,301,2,2.3
38,9236171,HMTS-B9022,1,265,3,1.5
39,9236166,HM-GS9005,1,531,9,4.7
40,9236032,X-2277,1,305,2,2
41,9236189,XB-2231,0,300,4,3.7
42,9236089,HMTG-G9016,0,260,3,2.5
43,9236035,C029,0,352,4,1.9
44,9236033,XDD-7039,0,371,3,4
45,9236034,X-2116,0,300,3,2.9
46,9236142,X-7053,0,256,2,2
47,9236176,X1115SM01,0,349,5,2.9
48,9236028,XDD-7041,0,371,3,1.5
49,9236197,C035,0,559,4,3.6
50,9236130,X-2280,0,339,2,1.8
51,9236047,X-6055,0,371,3,3.5
52,9236102,XDD-8005,0,300,2,2.6
53,9236158,X-1116SL01,0,262,4,2
54,9236193,XB-2262,0,262,3,2
55,9236098,XDD-7081,0,531,3,3.2
56,9236044,XDD-7081,1,389,3,3.2
57,9236012,XDD-7052,0,392,3,1.6
58,9236167,X-3003,0,239,3,2.8
59,9236113,XDD-7092,0,302,4,3.5
60,9236105,X-2283,0,540,4,3.9
61,9236061,X3503WWS,0,249,4,2.6
62,9236131,XDD-7018,0,279,2,4.5
63,9236087,X-6019,0,289,3,3.8
64,9236150,X-2290,1,678,3,3
65,9236077,X-2293,1,199,3,1.9
66,9236110,X-2270,0,371,2,2.7
67,9236007,XDD-7051,1,300,3,2.2
68,9236079,C031,0,394,2,2.7
69,9236183,X-6055,0,331,3,3.5
70,9236044,X3503WWS,0,302,2,2.6
71,9236022,C035,1,0,0,3.6
72,9236119,XDD-8005,0,301,5,2.6
73,9236142,XDD-7036,1,531,3,4.7
74,9236024,XDD-7013,0,239,3,2.1
75,9236108,HMTG-TT9033,0,260,1,2.8
76,9236068,X-6015,0,371,3,3.2
77,9236172,XDD-7013,0,331,3,2.1
78,9236103,X-1201,0,300,3,2.2
79,9236149,HM-GG9008,0,300,3,3.6
80,9236039,XDD-7062,0,564,6,3.5
81,9236060,XDD-7051,0,371,3,2.2
82,9236047,XDD-7051,0,389,2,2.2
83,9236111,HMTS-B9022,0,261,2,1.5
84,9236069,HMTG-G9011,1,239,6,2.6
85,9236148,X-2258,0,336,5,1.5
86,9236078,HMTG-TT9033,0,301,5,2.8
87,9236126,HM-GG9013,1,0,0,2.8
88,9236197,XDD-7071,1,239,5,3.4
89,9236153,X1182MS-Black,0,249,4,4.6
90,9236105,X-6005,0,300,13,3.5
91,9236156,X-2231,0,260,2,2
92,9236181,HMTS-B9037,1,564,5,2.6
93,9236020,HM-SB9003,0,343,3,2.8
94,9236153,X-2287,0,371,2,2.1
95,9236014,XDD-7035,0,261,5,4.3
96,9236082,X-2273,1,300,6,2.2
97,9236009,XDD-7013,0,300,4,2.1
98,9236086,HMTS-S9020,1,371,3,4.7
99,9236185,X-6010,0,371,7,4.4
100,9236165,X-2283,0,314,2,3.9
101,9236182,HMTG-TT9009,0,371,2,3.3
102,9236085,X-2286,1,742,2,1.9
103,9236049,X1158MS-Black,0,389,3,2.5
104,9236007,XDD-7036,0,289,5,4.7
105,9236199,HM-GB9006,0,392,4,4.2
106,9236079,XDD-7062,0,341,3,3.5
107,9236086,HMTS-B9036,0,322,8,1.9
108,9236025,X1165KL01,0,256,3,2.9
109,9236096,C022,0,300,3,4.1
110,9236186,XDD-7062,1,239,4,3.5
111,9236121,X-7053,0,279,2,2
112,9236156,HMTS-S9020,0,260,3,4.7
113,9236064,XDD-7081,0,629,3,3.2
114,9236008,XDD-7044,1,300,3,3.8
115,9236000,X-2276,0,289,3,3.7
116,9236026,XDD-7019,0,336,3,4.5
117,9236078,X-2291,1,609,4,4.1
118,9236027,HMTS-B9024,0,239,3,2.8
119,9236098,X-2261,0,271,6,2
120,9236093,HMTS-B9037,0,300,3,2.6
121,9236160,C041,0,531,2,2
122,9236110,X-6019,0,302,2,3.8
123,9236101,X-2292,0,531,3,2.1
124,9236194,XDD-7043,0,0,0,1.7
125,9236027,X-2287,0,302,4,2.1
126,9236175,C007,0,260,2,3.2
127,9236028,XDD-7072,0,314,3,4.6
128,9236108,AXE-1143NL01,0,371,3,2.3
129,9236014,HMTS-S9021,0,371,3,2.7
130,9236151,X-2261,0,300,3,2
131,9236017,HMTS-B9024,0,289,2,2.8
132,9236102,XDD-7062,0,309,8,3.5
133,9236137,HMTS-S9020,0,371,4,4.7
134,9236112,X-6006,0,239,2,3.8
135,9236012,X1158MS-Black,0,300,4,2.5
136,9236129,X-3003,0,256,2,2.8
137,9236199,C022,0,300,3,4.1
138,9236002,X-2261,1,259,3,2
139,9236005,X-6019,1,305,3,3.8
140,9236156,XDD-7035,0,199,6,4.3
141,9236171,XDD-7052,0,371,5,1.6
142,9236113,HMTS-S9021,0,338,2,2.7
143,9236119,X-2269,0,300,3,4
144,9236006,XDD-7039,0,399,3,4
145,9236196,X-2283,0,349,3,3.9
146,9236029,X-2291,0,389,2,4.1
147,9236044,HM-GS9005,1,329,3,4.7
148,9236121,HMTG-TT9018,0,371,4,4.3
149,9236102,X-6008,0,336,3,3.7
150,9236172,X-2269,0,300,1,4
151,9236018,XDD-7013,0,300,3,2.1
152,9236175,HM-GG9013,0,289,3,2.8
153,9236034,X-2266,0,256,3,3.6
154,9236029,XDD-7062,0,592,9,3.5
155,9236163,HMTS-B9024,1,0,0,2.8
156,9236057,XDD-7057,0,322,6,2.1
157,9236031,X-6005,0,569,2,3.5
158,9236083,X-2290,1,260,3,3
159,9236076,XDD-7013,0,303,4,2.1
160,9236086,X-7053,0,609,4,2
161,9236029,HM-GG9501,0,260,3,2.6
162,9236178,HMTB-TT9028,0,389,3,4.2
163,9236104,C007,0,339,4,3.2
164,9236171,HMTG-TT9033,0,239,3,2.8
165,9236044,X-6005,1,300,3,3.5
166,9236105,XDD-7073,0,300,3,4.4
167,9236042,XDD-7065,0,336,3,3.8
168,9236143,XDD-7071,0,239,4,3.4
169,9236118,HM-GG9501,1,331,2,2.6
170,9236060,XDD-7064,0,260,5,2.6
171,9236097,AXE-1143NL01,0,304,2,2.3
172,9236105,XDD-7062,0,371,4,3.5
173,9236035,X-2291,0,319,3,4.1
174,9236056,X-2257,0,300,5,2.8
175,9236067,XDD-7031,0,302,6,2.1
176,9236169,HM-GG9013,0,239,3,2.8
177,9236007,HMTS-B9036,0,239,3,1.9
178,9236012,X-2265,0,256,3,2.8
179,9236129,XDD-7013,1,331,4,2.1
180,9236011,C007,0,371,4,3.2
181,9236020,XDD-7071,0,326,3,3.4
182,9236066,X-2292,1,305,3,2.1
183,9236070,XDD-7075,0,314,4,4
184,9236156,X-6005,0,239,3,3.5
185,9236043,X-2291,0,569,1,4.1
186,9236184,X-2290,0,300,4,3
187,9236118,X-6055,1,600,4,3.5
188,9236106,X2251,1,0,0,4.6
189,9236127,X-2258,0,300,2,1.5
190,9236032,XDD-7013,0,371,2,2.1
191,9236157,X-6009,1,359,3,4.8
192,9236139,XDD-7044,1,300,3,3.8
193,9236107,XDD-7032,0,300,0,1.9
194,9236154,HM-SB9003,0,339,1,2.8
195,9236156,X-6011,1,300,4,4
196,9236103,XDD-7057,0,239,2,2.1
197,9236007,X-2276,0,322,3,3.7
198,9236035,X-2290,0,519,3,3
199,9236069,X-2269,1,341,2,4
200,9236037,X-2265,0,319,3,2.8
201,9236118,X-2293,0,298,2,1.9
202,9236194,XDD-7070,0,305,2,2.9
203,9236191,HMTS-B9023,0,305,2,2.1
204,9236000,XDD-1028,0,300,2,2.3
205,9236196,C029,0,300,3,1.9
206,9236010,X-2285,0,371,3,4.2
207,9236039,X-2285,0,331,3,4.2
208,9236083,X-2290,1,216,2,3
209,9236170,X-2261,0,404,3,2
210,9236064,XDD-7057,0,331,2,2.1
211,9236169,X-1203,0,300,2,1.7
212,9236144,HMTG-TT9009,0,531,2,3.3
213,9236093,X-1116SL01,0,411,3,2
214,9236009,C029,0,300,2,1.9
215,9236160,X-2266,1,371,2,3.6
216,9236158,X1158MS-Black,0,319,2,2.5
217,9236018,X-6009,1,0,0,4.8
218,9236125,HM-GG9008,0,293,3,3.6
219,9236149,X-2285,0,300,2,4.2
220,9236198,X-6008,0,576,2,3.7
221,9236065,HM-GB9006,1,199,5,4.2
222,9236032,X3503WWS,0,569,3,2.6
223,9236085,XDD-7075,1,300,9,4
224,9236102,XDD-7044,0,531,2,3.8
225,9236017,X-6055,0,346,2,3.5
226,9236048,XDD-7019,0,319,6,4.5
227,9236143,HMTG-TT9018,0,371,3,4.3
228,9236090,XDD-1028,0,300,3,2.3
229,9236022,X-6006,1,0,0,3.8
230,9236042,HM-GG9501,0,329,3,2.6
231,9236009,C031,1,322,3,2.7
232,9236141,X-2116,1,559,1,2.9
233,9236117,XDD-7036,0,531,4,4.7
234,9236192,HMTS-B9023,0,364,4,2.1
235,9236072,XDD-7031,0,329,4,2.1
236,9236179,X1182MS-Black,0,300,3,4.6
237,9236145,AXE-1143NL01,1,0,0,2.3
238,9236019,X-6019,0,329,1,3.8
239,9236026,XDD-8005,1,300,3,2.6
240,9236073,XB-2231,0,261,3,3.7
241,9236130,HMTS-B9036,0,300,3,1.9
242,9236152,X-2257,0,300,7,2.8
243,9236193,XDD-7081,0,199,2,3.2
244,9236050,XDD-7036,1,336,3,4.7
245,9236192,X-2257,1,628,5,2.8
246,9236196,XDD-7064,0,389,4,2.6
247,9236052,C029,1,402,3,1.9
248,9236003,HM-GG9010,0,300,3,2.5
249,9236044,XDD-1028,0,199,3,2.3
250,9236008,XDD-7043,0,304,3,1.7
251,9236111,X6001,0,531,4,2.7
252,9236157,XDD-7071,0,399,3,3.4
253,9236045,HMTG-G9011,0,314,2,2.6
254,9236038,XDD-7070,0,389,3,2.9
255,9236028,X-2285,0,689,2,4.2
256,9236102,X-1116SL01,0,531,3,2
257,9236003,X-6001,0,520,4,2.8
258,9236024,XDD-7041,0,336,4,1.5
259,9236052,X-2258,0,264,3,1.5
260,9236166,C035,1,299,2,3.6
261,9236147,XDD-7019,1,322,4,4.5
262,9236185,HM-GG9013,0,330,3,2.8
263,9236121,X-6001,1,1258,4,2.8
264,9236046,HM-GS9005,0,289,3,4.7
265,9236149,X-6015,0,531,3,3.2
266,9236072,XB-2231,1,305,3,3.7
267,9236032,XDD-7057,0,319,3,2.1
268,9236167,HMTG-TT9033,0,371,4,2.8
269,9236029,X-2287,0,336,3,2.1
270,9236027,X-3003,0,301,2,2.8
271,9236061,HMTS-B9024,0,239,3,2.8
272,9236116,XDD-7018,0,404,4,4.5
273,9236177,HMTS-B9037,1,689,6,2.6
274,9236131,HM-GG9010,0,519,3,2.5
275,9236166,X-2286,1,331,6,1.9
276,9236027,X1182MS-Black,1,300,3,4.6
277,9236098,XDD-7092,0,319,2,3.5
278,9236147,X-2269,0,286,3,4
279,9236111,HM-GB9006,0,540,2,4.2
280,9236037,XDD-7065,1,381,14,3.8
281,9236057,X-2270,1,0,0,2.7
282,9236165,XDD-7051,1,742,4,2.2
283,9236168,XDD-7041,1,559,3,1.5
284,9236047,X-2270,0,239,3,2.7
285,9236136,XDD-7044,0,261,2,3.8
286,9236059,HMTG-G9014,0,0,0,4.3
287,9236166,X-6006,1,341,3,3.8
288,9236084,XDD-7018,0,300,2,4.5
289,9236089,X-2273,1,338,4,2.2
290,9236133,X1115SM02,0,301,4,4.5
291,9236048,XDD-7018,0,300,5,4.5
292,9236196,X-2270,0,300,4,2.7
293,9236146,XDD-7043,0,300,3,1.7
294,9236186,X-2291,0,289,3,4.1
295,9236119,HMTB-TT9028,0,239,3,4.2
296,9236154,XDD-7072,0,279,4,4.6
297,9236141,XDD-7039,1,319,4,4
298,9236064,XDD-7013,0,336,3,2.1
299,9236071,X-2285,0,329,2,4.2
300,9236012,X-2293,1,239,3,1.9
301,9236004,X-6004,0,376,3,2.6
302,9236017,XB-2262,0,289,3,2
303,9236162,XDD-7044,0,300,4,3.8
304,9236187,HMTS-S9021,1,305,3,2.7
305,9236048,X-3005,0,402,2,2.7
306,9236189,X-2290,0,559,3,3
307,9236187,X-2280,1,600,5,1.8
308,9236049,X-2285,0,239,3,4.2
309,9236161,X-2287,0,539,2,2.1
310,9236050,XDD-7034,0,300,2,3.1
311,9236179,X-2283,0,300,2,3.9
312,9236177,XDD-7065,0,376,3,3.8
313,9236144,XDD-7052,0,371,2,1.6
314,9236156,X-6009,0,300,2,4.8
315,9236193,X-2270,0,376,4,2.7
316,9236112,X-6015,0,249,4,3.2
317,9236097,XDD-7062,0,364,4,3.5
318,9236116,X-2290,0,371,4,3
319,9236105,X-2257,0,381,3,2.8
320,9236177,X-2231,0,651,2,2
321,9236061,HMTS-B9037,0,371,5,2.6
322,9236154,X-2285,0,300,3,4.2
323,9236104,X-2287,0,289,3,2.1
324,9236132,HM-GB9006,0,352,4,4.2
325,9236011,C041,0,392,2,2
326,9236117,HMTS-S9020,0,531,3,4.7
327,9236043,AXE-1143NL01,0,301,3,2.3
328,9236041,X-2265,0,239,4,2.8
329,9236032,HM-SB9002,0,239,1,2.2
330,9236185,XDD-7072,0,531,1,4.6
331,9236081,HMTG-G9016,0,338,3,2.5
332,9236099,X1182MS-Black,0,651,1,4.6
333,9236072,XDD-7071,0,404,3,3.4
334,9236135,XDD-7062,0,364,6,3.5
335,9236074,HMTG-G9016,0,404,3,2.5
336,9236166,HM-GG9013,0,651,1,2.8
337,9236150,XDD-7036,0,651,2,4.7
338,9236136,C035,0,344,2,3.6
339,9236018,X-6001,0,332,2,2.8
340,9236172,XDD-7081,0,540,4,3.2
341,9236188,X-2270,0,289,3,2.7
342,9236035,XDD-7052,0,239,3,1.6
343,9236119,X-6006,1,331,3,3.8
344,9236109,HMTB-TT9028,0,334,3,4.2
345,9236042,X1115SM01,0,371,4,2.9
346,9236069,X1158MS-Black,0,300,4,2.5
347,9236019,X-6008,0,300,3,3.7
348,9236124,XB-2262,0,279,2,2
349,9236176,HMTG-TT9033,0,300,3,2.8
350,9236037,XDD-7062,0,322,3,3.5
351,9236099,X-6027,1,381,5,2
352,9236146,XDD-7036,1,336,6,4.7
353,9236132,HMTG-TT9033,1,0,0,2.8
354,9236090,X-2273,0,371,3,2.2
355,9236164,X-6006,0,300,2,3.8
356,9236161,C031,0,256,2,2.7
357,9236067,XDD-7031,1,289,2,2.1
358,9236057,X-7053,1,381,2,2
359,9236069,XDD-7075,0,338,5,4
360,9236131,X-2116,0,569,2,2.9
361,9236069,C035,0,338,1,3.6
362,9236090,X-2266,0,306,4,3.6
363,9236116,HMTS-B9024,0,329,3,2.8
364,9236127,X-2277,0,300,3,2
365,9236163,X-6005,0,239,4,3.5
366,9236081,X-2292,1,239,3,2.1
367,9236071,XDD-7036,0,299,10,4.7
368,9236012,HMTG-TT9019,1,262,3,4.7
369,9236138,XDD-7034,1,728,4,3.1
370,9236184,XDD-7092,1,261,3,3.5
371,9236178,X-2265,1,0,0,2.8
372,9236053,XDD-7065,0,389,3,3.8
373,9236067,XDD-7065,0,329,2,3.8
374,9236131,X-7003,1,319,3,3.6
375,9236177,X-2258,0,651,1,1.5
376,9236104,X1182MS-Black,0,319,2,4.6
377,9236059,HMTS-S9021,0,322,4,2.7
378,9236090,X-2258,1,0,0,1.5
379,9236168,X-6027,0,239,6,2
380,9236077,XDD-7065,0,302,1,3.8
381,9236072,HMTG-TT9009,0,300,3,3.3
382,9236179,X3503WWS,1,336,3,2.6
383,9236115,HM-GG9010,0,282,3,2.5
384,9236104,XDD-7013,0,260,6,2.1
385,9236158,XDD-7081,0,279,3,3.2
386,9236149,XDD-7081,1,1276,2,3.2
387,9236077,XDD-7081,0,239,2,3.2
388,9236114,HMTG-TT9018,0,331,4,4.3
389,9236153,XDD-7036,1,239,3,4.7
390,9236022,AXE-1143NL01,0,260,3,2.3
391,9236049,HM-SB9003,1,398,3,2.8
392,9236046,X-2116,1,0,0,2.9
393,9236087,HMTS-B9022,0,303,4,1.5
394,9236178,X-2286,0,300,4,1.9
395,9236090,X2251,0,531,3,4.6
396,9236027,HMTS-S9021,0,319,4,2.7
397,9236044,XDD-7039,1,531,1,4
398,9236051,XDD-7075,1,302,12,4
399,9236123,HMTG-TT9009,0,531,4,3.3
400,9236117,XDD-7040,1,404,5,4.7
401,9236119,HMTS-B9036,0,519,6,1.9
402,9236014,XDD-7034,0,331,14,3.1
403,9236146,HMTS-B9023,1,282,3,2.1
404,9236092,XDD-7064,1,288,6,2.6
405,9236168,XDD-7052,1,699,3,1.6
406,9236045,X-7003,0,331,4,3.6
407,9236071,XDD-7081,0,264,1,3.2
408,9236172,HMTG-TT9019,0,339,2,4.7
409,9236198,X-6005,1,239,2,3.5
410,9236016,X-2280,0,559,3,1.8
411,9236041,X-7003,0,239,3,3.6
412,9236136,X-3005,0,371,2,2.7
413,9236017,X-1116SL01,1,0,0,2
414,9236192,X-2266,0,300,4,3.6
415,9236109,HM-GG9013,1,381,4,2.8
416,9236023,C029,0,260,2,1.9
417,9236165,XDD-7075,0,260,3,4
418,9236199,HMTG-TT9019,0,300,4,4.7
419,9236119,HMTS-S9021,1,300,3,2.7
420,9236132,HMTS-B9035,0,300,5,4.6
421,9236116,X-6015,0,381,22,3.2
422,9236058,X-2290,1,371,3,3
423,9236141,X-6011,0,404,3,4
424,9236150,X-2269,0,371,3,4
425,9236061,X-7003,1,371,2,3.6
426,9236194,HMTS-B9035,0,289,4,4.6
427,9236112,HM-GG9008,0,239,4,3.6
428,9236146,X-2286,0,304,2,1.9
429,9236091,HMTS-S9021,1,289,2,2.7
430,9236191,X1182MS-Black,0,404,4,4.6
431,9236088,HMTG-G9011,0,371,2,2.6
432,9236135,XDD-7031,1,371,5,2.1
433,9236028,XDD-1028,0,300,3,2.3
434,9236046,HM-GG9501,1,199,2,2.6
435,9236149,X-6055,0,371,3,3.5
436,9236126,X-2291,0,740,2,4.1
437,9236012,X1165KL01,0,569,3,2.9
438,9236092,XDD-7034,0,300,4,3.1
439,9236056,HMTG-TT9033,0,371,2,2.8
440,9236057,XDD-7036,0,239,3,4.7
441,9236013,X1115SM01,1,531,3,2.9
442,9236154,X-2292,0,371,4,2.1
443,9236197,XDD-7035,0,322,4,4.3
444,9236190,HMTB-TT9028,0,371,2,4.2
445,9236153,C041,0,239,3,2
446,9236017,X-2280,0,279,4,1.8
447,9236149,X1115SM02,0,300,4,4.5
448,9236198,X-2266,0,326,2,3.6
449,9236139,X1165KL01,0,300,4,2.9
450,9236168,X-2116,0,825,5,2.9
451,9236054,X-6005,1,381,5,3.5
452,9236073,X-6015,1,371,4,3.2
453,9236011,XDD-7032,0,314,2,1.9
454,9236134,X3503WWS,1,0,0,2.6
455,9236038,C035,0,289,4,3.6
456,9236136,HM-GS9005,0,260,8,4.7
457,9236088,X-2257,0,260,4,2.8
458,9236169,X-1201,0,359,4,2.2
459,9236190,X-2257,0,371,6,2.8
460,9236156,X-2116,0,531,3,2.9
461,9236141,X-2261,1,371,4,2
462,9236167,X3503WWS,0,239,3,2.6
463,9236079,X-3005,0,256,3,2.7
464,9236121,X-2287,0,651,3,2.1
465,9236179,X-2273,0,352,3,2.2
466,9236197,C031,0,301,3,2.7
467,9236020,X1115SM02,0,682,4,4.5
468,9236050,XDD-7072,1,331,4,4.6
469,9236142,XDD-7013,0,371,4,2.1
470,9236199,XDD-8005,0,289,3,2.6
471,9236126,XDD-7043,0,569,3,1.7
472,9236018,X-2258,0,338,3,1.5
473,9236106,X1165KL01,0,239,4,2.9
474,9236108,X1165KL01,0,338,3,2.9
475,9236168,X-6015,0,682,4,3.2
476,9236079,X-2290,0,569,2,3
477,9236194,C041,0,279,2,2
478,9236077,X-2261,0,376,4,2
479,9236124,C029,1,371,5,1.9
480,9236113,X-2116,0,260,3,2.9
481,9236062,XDD-7065,1,331,2,3.8
482,9236033,C007,1,609,2,3.2
483,9236141,X-6019,0,371,2,3.8
484,9236189,XDD-7031,0,371,4,2.1
485,9236184,XDD-7072,0,531,2,4.6
486,9236032,HMTG-G9016,0,302,1,2.5
487,9236188,XDD-7018,0,698,4,4.5
488,9236110,HMTS-B9022,0,260,3,1.5
489,9236182,HMTG-G9011,1,589,3,2.6
490,9236132,X-3003,1,0,0,2.8
491,9236132,XDD-7013,0,300,3,2.1
492,9236032,X-6009,0,319,3,4.8
493,9236115,X-6010,1,319,2,4.4
494,9236132,HM-GG9008,1,1038,6,3.6
495,9236048,X-1121,0,300,2,2.3
496,9236175,X-2266,0,300,3,3.6
497,9236066,XDD-7075,0,371,3,4
498,9236071,X-6006,1,531,2,3.8
499,9236046,X-6011,0,341,10,4
500,9236155,HM-GB9006,0,329,3,4.2
501,9236188,X-1116SL01,0,304,3,2
502,9236136,X6001,0,239,3,2.7
503,9236025,XDD-7036,0,371,4,4.7
504,9236085,HM-SB9002,0,305,3,2.2
505,9236119,HMTS-B9023,0,1149,4,2.1
506,9236145,HMTS-B9036,0,302,4,1.9
507,9236157,X-1121,0,300,2,2.3
508,9236081,X-2291,0,559,10,4.1
509,9236192,X-7053,0,1149,4,2
510,9236004,X-2286,0,651,2,1.9
511,9236020,X-2116,0,389,3,2.9
512,9236134,HMTS-B9035,0,314,3,4.6
513,9236121,HMTG-TT9019,0,322,3,4.7
514,9236064,X-2269,0,531,2,4
515,9236054,XDD-7081,0,260,2,3.2
516,9236110,HM-GS9005,0,689,6,4.7
517,9236170,C041,0,302,4,2
518,9236033,XDD-7052,0,300,3,1.6
519,9236106,X-2116,0,329,5,2.9
520,9236141,X-1116SL01,0,300,3,2
521,9236174,XDD-7081,0,381,17,3.2
522,9236057,XDD-7071,0,305,3,3.4
523,9236141,XDD-7013,0,239,3,2.1
524,9236099,X-2292,1,629,4,2.1
525,9236145,HMTS-S9021,0,260,2,2.7
526,9236103,XDD-7044,0,339,3,3.8
527,9236140,HMTS-S9021,0,662,4,2.7
528,9236157,HM-GG9013,0,239,4,2.8
529,9236036,X-6011,0,239,3,4
530,9236080,X2251,0,239,2,4.6
531,9236077,X-2257,0,569,3,2.8
532,9236055,X-6019,1,279,3,3.8
533,9236068,X-6004,0,300,5,2.6
534,9236023,AXE-1143NL01,0,531,2,2.3
535,9236113,X-3003,0,338,3,2.8
536,9236130,X-2277,0,269,4,2
537,9236146,HMTS-B9023,0,531,2,2.1
538,9236190,C041,1,289,6,2
539,9236060,XDD-7052,0,289,3,1.6
540,9236090,HMTB-TT9028,0,319,2,4.2
541,9236040,AXE-1143NL01,0,371,1,2.3
542,9236150,C022,0,239,4,4.1
543,9236159,XDD-1028,1,371,4,2.3
544,9236115,XDD-7032,0,336,4,1.9
545,9236160,X6001,1,239,1,2.7
546,9236180,X-1203,0,300,4,1.7
547,9236037,C022,0,239,4,4.1
548,9236117,XDD-1028,1,300,3,2.3
549,9236072,C041,0,260,3,2
550,9236085,HMTS-B9035,0,305,3,4.6
551,9236000,X-2287,0,239,4,2.1
552,9236139,AXE-1143NL01,0,249,2,2.3
553,9236046,XDD-7051,0,394,3,2.2
554,9236114,X2114SM01,0,300,2,2.7
555,9236145,HM-GG9013,1,199,4,2.8
556,9236135,XDD-7044,0,619,3,3.8
557,9236007,X1158MS-Black,0,279,3,2.5
558,9236124,X-2273,1,531,3,2.2
559,9236111,X-7053,0,300,4,2
560,9236028,XDD-7070,1,279,1,2.9
561,9236077,HM-GS9005,0,371,4,4.7
562,9236071,X-6055,1,300,3,3.5
563,9236164,XDD-7072,1,300,3,4.6
564,9236107,HM-GG9501,0,529,4,2.6
565,9236085,XDD-7034,0,300,4,3.1
566,9236165,XDD-7052,0,389,3,1.6
567,9236169,X-7003,0,609,3,3.6
568,9236120,HMTS-S9021,0,338,3,2.7
569,9236039,C029,1,300,1,1.9
570,9236052,X-6055,0,520,4,3.5
571,9236136,XDD-7034,0,256,5,3.1
572,9236015,X-2269,0,392,3,4
573,9236172,XDD-7013,1,319,2,2.1
574,9236031,HMTS-S9021,1,239,2,2.7
575,9236073,HMTS-S9020,0,364,2,4.7
576,9236030,X3503WWS,0,527,3,2.6
577,9236177,X-2257,0,260,5,2.8
578,9236036,X-6015,0,289,2,3.2
579,9236018,X-2291,0,371,2,4.1
580,9236021,XDD-7013,0,300,4,2.1
581,9236193,X-1201,0,286,2,2.2
582,9236123,XDD-7071,0,256,2,3.4
583,9236104,HMTS-B9036,0,249,5,1.9
584,9236162,X-3005,0,531,4,2.7
585,9236121,XDD-7072,0,495,2,4.6
586,9236065,HMTB-TT9028,1,339,1,4.2
587,9236115,HM-GB9006,0,260,4,4.2
588,9236055,XDD-7073,0,531,3,4.4
589,9236101,XDD-7019,0,239,4,4.5
590,9236134,X-3005,1,0,0,2.7
591,9236024,X-2231,0,314,4,2
592,9236025,X-6027,0,381,3,2
593,9236042,XDD-7071,0,239,3,3.4
594,9236105,X-3003,0,344,3,2.8
595,9236115,HM-GB9006,1,326,1,4.2
596,9236160,XDD-8005,1,300,3,2.6